
function [ G ] = grid_n_13(  )

G = [  
-1	-1	-1	-1	-1	-1	-1	-1	-1	-1	-1	-1	-1	;
-1	1	-0.01	-0.01	-1	-1	-1	-0.01	-0.01	-0.01	-0.01	-0.01	-1	;
-1	-0.01	-0.01	-0.01	-1	-1	-1	-0.01	-0.01	-1	-1	-0.01	-1	;
-1	-0.01	-0.01	-0.01	-0.01	-0.01	-0.01	-0.01	-0.01	-0.01	-1	-0.01	-1	;
-1	-0.01	-1	-0.01	-0.01	-0.01	-0.01	-0.01	-1	-0.01	-1	-0.01	-1	;
-1	-0.01	-1	-0.01	-0.01	-0.01	-0.01	-1	-1	-0.01	-0.01	-0.01	-1	;
-1	-0.01	-1	-0.01	-0.01	-0.01  -1	-1	-1	-0.01	-0.01	-0.01	-1	;
-1	-0.01	-1	-0.01	-0.01	-0.01	-1	-1	-1	-0.01	-1	-0.01	-1	;
-1	-0.01	-0.01	-0.01	-1	-0.01	-0.01	-0.01	-0.01	-0.01	-1	-0.01	-1	;
-1	-1	-1	-0.01	-1	-0.01	-0.01	-0.01	-0.01	-0.01	-1	-0.01	-1	;
-1	-1	-1	-0.01	-1	-1	-1	-1	-1	-1	-1	-0.01	-1	;
-1	-1	-1	-0.01	-0.01	-0.01	-0.01	-0.01	-0.01	-0.01	-0.01	1	-1	;
-1	-1	-1	-1	-1	-1	-1	-1	-1	-1	-1	-1	-1	
];
    
end
